Object	A1	A2	COL_1	COL_2	COL_3	COL_4	H1	H2	Mean_Z_size	D2	D1	D4	D4x2	Height1	Volume_out	Volume_int	WT_1	WT_2	WT_3	WT_4	Site
PRITL_413_P-CCXX-1	0.6944	0.8162	0.008	0.0185	0.0245	0.0245	0.7439	0.9483	0.2523	0.0976	0.0476	0.022	0.1196	0.1752	0.1515	0.755	0.0091	0.0091	0.0066	0.0069	Pritluky
PRITL_0_P-CCLXXX-1	0.6901	0.6874	0.0088	0.0252	0.0389	0.0383	0.669	0.7416	0.2975	0.0758	0.0256	0.0345	0.1103	0.2053	0.2321	0.746	0.0119	0.0073	0.0055	0.0057	Pritluky
PRITL_0_P-XCIX	0.6441	0.7308	0.0048	0.0044	0.0133	0.0133	0.6068	0.8524	0.2481	0.0773	0.0165	0.0285	0.1057	0.1598	0.2666	0.5808	0.0102	0.0087	0.0102	0.0103	Pritluky
PRITL_12_P-514-CCLXXXII-497	0.6183	0.7429	0.0068	0.0083	0.0183	0.0183	0.6487	0.8869	0.1948	0.0642	0.0191	0.0222	0.0864	0.1205	0.0898	0.3318	0.0115	0.0078	0.0059	0.0059	Pritluky
PRITL_22_X-1	0.707	0.7905	0.0064	0.0094	0.0135	0.0126	0.6993	0.8871	0.2261	0.0793	0.0316	0.021	0.1003	0.1599	0.1103	0.5008	0.0107	0.0108	0.0057	0.0058	Pritluky
PRITL_23	0.6148	0.7027	0.0056	0.0096	0.0188	0.0188	0.643	0.8973	0.241	0.076	0.0217	0.0321	0.1081	0.1482	0.1904	0.6157	0.0152	0.0125	0.0088	0.0089	Pritluky
PRITL_36_XXIV	0.6727	0.744	0.0085	0.0131	0.0196	0.0201	0.6797	0.8664	0.2239	0.0722	0.0259	0.0248	0.097	0.1506	0.1509	0.4477	0.0068	0.0076	0.0062	0.0063	Pritluky
PRITL_40_XXVIII	0.6441	0.7799	0.0053	0.0132	0.0326	0.0328	0.6889	0.8121	0.2411	0.0763	0.0289	0.0216	0.0979	0.1553	0.0958	0.5191	0.0124	0.0094	0.0081	0.0085	Pritluky
PRITL_45_XXXI-1-2	0.6301	0.7808	0.0049	0.009	0.0268	0.0268	0.7067	0.897	0.2005	0.0702	0.029	0.0197	0.0899	0.1263	0.0709	0.3671	0.019	0.0086	0.0066	0.0067	Pritluky
PRITL_52	0.6836	0.7968	0.007	0.0141	0.0172	0.0179	0.7038	1.1305	0.1815	0.0818	0.0333	0.0209	0.1026	0.1241	0.081	0.425	0.0169	0.0099	0.0065	0.0074	Pritluky
PRITL_54_P-54_L	0.6409	0.7535	0.0032	0.006	0.0187	0.0187	0.6551	0.8946	0.1652	0.0557	0.0173	0.0182	0.0739	0.1059	0.037	0.1963	0.0099	0.0094	0.0061	0.0062	Pritluky
PRITL_54_XXXIX	0.6415	0.7495	0.0047	0.0082	0.0173	0.0172	0.6869	0.8732	0.1912	0.0626	0.0234	0.0209	0.0835	0.1227	0.1119	0.2905	0.008	0.0079	0.0048	0.0049	Pritluky
PRITL_55_XL	0.6705	0.8448	0.0072	0.0111	0.0204	0.0206	0.718	0.7473	0.23	0.0726	0.0317	0.0133	0.0859	0.1542	0.0483	0.3868	0.0128	0.0096	0.0067	0.0067	Pritluky
PRITL_56_XLI	0.6371	0.7668	0.0082	0.0188	0.0258	0.0259	0.7135	0.8534	0.24	0.0785	0.0335	0.0239	0.1024	0.1529	0.1296	0.555	0.0125	0.0103	0.0071	0.0071	Pritluky
PRITL_57_XLII-1	0.5615	0.7062	0.0069	0.0125	0.0273	0.0273	0.5852	0.8327	0.18	0.0529	0.009	0.022	0.0749	0.1011	0.0531	0.2352	0.0142	0.0119	0.0069	0.0069	Pritluky
PRITL_61_XLVI	0.6936	0.8603	0.0073	0.0112	0.0262	0.0262	0.7612	0.9265	0.2041	0.0813	0.0425	0.0132	0.0946	0.1416	0.0656	0.4205	0.0126	0.0094	0.0074	0.0074	Pritluky
PRITL_64_XLIX	0.618	0.7821	0.0053	0.0087	0.0242	0.0241	0.6579	0.7318	0.2236	0.064	0.0202	0.0178	0.0818	0.1382	0.0586	0.3572	0.0158	0.0102	0.0069	0.0072	Pritluky
PRITL_65_L	0.6733	0.7721	0.0057	0.0063	0.0171	0.0183	0.6873	0.8522	0.2387	0.0785	0.0294	0.0232	0.1017	0.1607	0.1572	0.5581	0.0111	0.0079	0.0056	0.0057	Pritluky
PRITL_80_LXII	0.6163	0.7204	0.0031	0.0042	0.0088	0.0084	0.5763	1.0364	0.1077	0.0402	0.0061	0.0156	0.0558	0.0664	0.0171	0.0783	0.0155	0.0116	0.0075	0.0076	Pritluky
PRITL_82_50	0.5192	0.6907	0.0066	0.0079	0.0196	0.0196	0.6848	1.0875	0.1653	0.0621	0.0229	0.0278	0.0899	0.0858	0.0607	0.2817	0.0184	0.0112	0.0084	0.0085	Pritluky
PRITL_93_LXXIII	0.6578	0.7912	0.0029	0.0029	0.0022	0.0024	0.6554	0.8311	0.1338	0.044	0.0137	0.0116	0.0556	0.088	0.0117	0.0936	0.0095	0.0075	0.0054	0.0054	Pritluky
PRITL_96	0.5312	0.7043	0.0036	0.0034	0.0054	0.0054	0.5964	0.9228	0.1343	0.0437	0.0084	0.0183	0.062	0.0714	0.0268	0.1218	0.0081	0.0064	0.0078	0.0076	Pritluky
PRITL_104_50	0.5952	0.7717	0.0079	0.0084	0.0195	0.0198	0.6942	0.9344	0.2342	0.0844	0.0328	0.025	0.1094	0.1394	0.1679	0.5998	0.0102	0.0096	0.0074	0.0074	Pritluky
PRITL_105_P-LXXIX	0.6653	0.6505	0.0045	0.0056	0.0053	0.006	0.6109	0.8725	0.1848	0.0524	0.0116	0.0282	0.0806	0.1229	0.083	0.2684	0.0172	0.0131	0.006	0.0065	Pritluky
PRITL_106_LXXX-1	0.6112	0.7221	0.005	0.0061	0.0163	0.0163	0.6734	0.7332	0.2722	0.0721	0.025	0.0277	0.0998	0.1664	0.1485	0.5907	0.0172	0.011	0.0077	0.0081	Pritluky
PRITL_116_50	0.6545	0.7788	0.0082	0.0116	0.0225	0.0228	0.7082	0.9196	0.2427	0.0869	0.0362	0.0247	0.1116	0.1589	0.1312	0.6368	0.0097	0.008	0.0073	0.0075	Pritluky
PRITL_116_LXXXVIII	0.6091	0.7337	0.003	0.0028	0.0113	0.0113	0.6183	1.0038	0.1177	0.0434	0.0103	0.0157	0.0591	0.0717	0.0192	0.0939	0.0075	0.007	0.0049	0.0049	Pritluky
PRITL_121	0.5634	0.6821	0.0032	0.0061	0.009	0.009	0.6277	0.8247	0.1759	0.0495	0.0126	0.0231	0.0725	0.0991	0.0578	0.2063	0.0059	0.0057	0.0074	0.0072	Pritluky
PRITL_136_XCVII	0.6133	0.7544	0.0096	0.0106	0.0191	0.0191	0.6452	0.836	0.2163	0.0682	0.0198	0.0222	0.0904	0.1327	0.0745	0.4051	0.0161	0.0127	0.0084	0.0083	Pritluky
PRITL_137_50	0.5545	0.7433	0.0059	0.0075	0.012	0.012	0.636	0.8018	0.1743	0.052	0.0141	0.0179	0.0699	0.0967	0.0364	0.1902	0.0124	0.0087	0.0059	0.0059	Pritluky
PRITL_141_P-XCVIII	0.6678	0.8175	0.0044	0.0051	0.0149	0.0149	0.6888	0.871	0.2292	0.0816	0.0308	0.0182	0.0998	0.1531	0.1166	0.5402	0.0114	0.011	0.0078	0.0079	Pritluky
PRITL_154	0.5671	0.7183	0.0026	0.0026	0.0065	0.0065	0.59	0.8213	0.1704	0.0503	0.009	0.0197	0.07	0.0966	0.0427	0.2015	0.008	0.006	0.007	0.0066	Pritluky
PRITL_297_CLXII	0.7054	0.8057	0.0033	0.0035	0.0041	0.0038	0.6684	1.1881	0.1185	0.0567	0.0191	0.0137	0.0704	0.0836	0.0114	0.1338	0.0139	0.0116	0.0077	0.0075	Pritluky
PRITL_314a_CLXVIII-A	0.5988	0.7387	0.0061	0.0077	0.017	0.017	0.6209	0.8386	0.2279	0.0706	0.0171	0.025	0.0956	0.1365	0.1495	0.4772	0.0129	0.0092	0.0081	0.0082	Pritluky
PRITL_316_CLXIX	0.5916	0.6249	0.0058	0.0147	0.0355	0.0355	0.6804	1.142	0.2109	0.0752	0.0272	0.0452	0.1204	0.1247	0.2292	0.5964	0.0127	0.009	0.0059	0.006	Pritluky
PRITL_362_CLXXXIV	0.5881	0.6748	0.0053	0.009	0.0316	0.0313	0.6031	0.7501	0.171	0.0433	0.0089	0.0209	0.0641	0.1006	0.0561	0.1702	0.0079	0.0078	0.0053	0.0053	Pritluky
PRITL_407_P-407_CCXIV	0.669	0.8711	0.0088	0.0176	0.0137	0.0141	0.7894	1.0228	0.2307	0.1028	0.0595	0.0152	0.118	0.1543	0.0727	0.6965	0.0086	0.0103	0.0059	0.0062	Pritluky
PRITL_411_P-CCXVIII-1	0.5865	0.7338	0.0107	0.0067	0.0191	0.0191	0.6426	0.9775	0.1939	0.0695	0.0198	0.0252	0.0948	0.1137	0.0856	0.3939	0.0108	0.0086	0.0078	0.0075	Pritluky
PRITL_520_P-CCXCVII	0.6473	0.7972	0.0249	0.0098	0.0159	0.0159	0.6998	0.7699	0.2116	0.0649	0.0259	0.0165	0.0815	0.137	0.0763	0.323	0.0073	0.0067	0.0067	0.0068	Pritluky
PRITL_523_P-CCC-1-2-3	0.6727	0.7429	0.0108	0.0121	0.0214	0.0219	0.6851	1.0297	0.1998	0.0764	0.0283	0.0264	0.1028	0.1344	0.1057	0.4482	0.0128	0.0117	0.0066	0.007	Pritluky
PRITL_585_CCCXXXII	0.6187	0.8522	0.0067	0.0089	0.0162	0.0161	0.6989	0.9471	0.1862	0.0751	0.0299	0.013	0.0882	0.1152	0.0765	0.3262	0.0096	0.0091	0.0084	0.0083	Pritluky
PRITL_614_P-CCCLII	0.6432	0.7719	0.0046	0.0046	0.0088	0.009	0.6883	0.9093	0.193	0.0677	0.0255	0.02	0.0878	0.1242	0.0577	0.3244	0.0124	0.0088	0.0084	0.0083	Pritluky
PRITL_615_CCCLIII	0.6668	0.7683	0.0115	0.0168	0.0408	0.0416	0.6994	0.8353	0.2923	0.0938	0.0374	0.0283	0.1221	0.1949	0.2356	0.9378	0.012	0.0099	0.0061	0.0061	Pritluky
PRITL_616_CCCLIV-1-2	0.6185	0.8587	0.0099	0.0156	0.0162	0.0159	0.711	1.0228	0.2117	0.0929	0.0392	0.0153	0.1082	0.1309	0.0973	0.5984	0.0116	0.0094	0.0074	0.0075	Pritluky
PRITL_620_P-514-CCCLV	0.649	0.7562	0.0049	0.0125	0.0127	0.0127	0.6493	0.7263	0.2404	0.066	0.0197	0.0213	0.0873	0.156	0.0827	0.4061	0.0193	0.0087	0.0069	0.0068	Pritluky
PRITL_625_CCCLX	0.6733	0.8081	0.0049	0.0078	0.0114	0.0117	0.6992	0.8302	0.2458	0.0825	0.0329	0.0196	0.102	0.1655	0.0897	0.5897	0.0158	0.0128	0.0078	0.008	Pritluky
PRITL_629_P-CCCLXIV-1-2	0.6254	0.7592	0.0083	0.0142	0.0223	0.0223	0.6301	0.8741	0.2304	0.0765	0.0199	0.0243	0.1007	0.1441	0.1329	0.5562	0.013	0.0117	0.0065	0.0066	Pritluky
PRITL_643_P-CCCLXXI	0.6235	0.7217	0.0063	0.0077	0.0203	0.0203	0.6945	0.9048	0.2097	0.0685	0.0266	0.0264	0.0949	0.1307	0.1066	0.407	0.0119	0.0103	0.009	0.0091	Pritluky
PRITL_656_P-514-CCCLXXVIII	0.6362	0.7244	0.0057	0.0061	0.014	0.0141	0.6581	0.87	0.2126	0.067	0.0212	0.0255	0.0925	0.1353	0.1087	0.3938	0.0139	0.0101	0.0078	0.0077	Pritluky
PRITL_663_CCCLXXXIII	0.6018	0.8035	0.0073	0.0087	0.0114	0.0109	0.6994	0.9395	0.1827	0.069	0.0275	0.0169	0.0858	0.1099	0.0405	0.3017	0.016	0.0129	0.0076	0.0078	Pritluky
PRITL_666_P-CCCLXXXV-1-2	0.6724	0.8438	0.0035	0.0058	0.0076	0.0084	0.7523	0.9303	0.2117	0.0831	0.0419	0.0154	0.0985	0.1424	0.0294	0.4411	0.0374	0.0109	0.0063	0.0065	Pritluky
PRITL_670_P-CCCLXXXVIII	0.6949	0.8618	0.0062	0.0105	0.0141	0.0146	0.7274	0.7693	0.2301	0.0763	0.0347	0.0122	0.0885	0.1599	0.0367	0.4148	0.0177	0.0086	0.0063	0.0065	Pritluky
PRITL_678_P-CCCXCVI	0.6479	0.6913	0.0033	0.0073	0.0146	0.0149	0.5945	0.956	0.1485	0.0491	0.0093	0.0219	0.071	0.0962	0.0445	0.1555	0.0102	0.0083	0.0055	0.0057	Pritluky
PRITL_687_P-CDI	0.6186	0.735	0.0063	0.009	0.0112	0.0118	0.6572	0.9646	0.2003	0.071	0.0223	0.0256	0.0966	0.1239	0.1288	0.4438	0.0124	0.0095	0.0052	0.0054	Pritluky
PRITL_688_CCCI	0.5631	0.7955	0.0052	0.0084	0.0194	0.0194	0.6025	1.0023	0.1843	0.0735	0.0151	0.0189	0.0923	0.1038	0.0661	0.3852	0.0092	0.008	0.0087	0.0086	Pritluky
PRITL_419_P-514-CCXXIIIA	0.7033	0.8251	0.0049	0.0116	0.0127	0.0122	0.759	0.8481	0.2471	0.0865	0.0448	0.0183	0.1048	0.1738	0.1397	0.5872	0.0099	0.0072	0.0051	0.0052	Pritluky
PRITL_420_P-CCXXIV-1	0.6296	0.8177	0.005	0.0095	0.0216	0.0215	0.7196	0.8032	0.2236	0.0734	0.0323	0.0164	0.0898	0.1408	0.0994	0.4196	0.016	0.0079	0.006	0.0061	Pritluky
PRITL_440_CCXXXV-1	0.6612	0.7754	0.003	0.0053	0.0131	0.0131	0.6379	0.888	0.2044	0.0704	0.0194	0.0204	0.0908	0.1352	0.0851	0.3637	0.0165	0.0125	0.0081	0.0082	Pritluky
PRITL_450_P-CCXLV-1	0.661	0.8477	0.0073	0.0071	0.0116	0.0116	0.6994	0.8713	0.2195	0.0811	0.0323	0.0146	0.0956	0.1451	0.0694	0.4471	0.0138	0.0085	0.0055	0.0057	Pritluky
PRITL_455_CCXLVII-1	0.6286	0.8297	0.0058	0.0085	0.0133	0.0133	0.709	0.8207	0.2323	0.0791	0.0331	0.0162	0.0953	0.146	0.0819	0.4942	0.0159	0.0096	0.0072	0.0073	Pritluky
PRITL_459_P-514-459_CCXLIX	0.589	0.7654	0.0031	0.0077	0.0202	0.0205	0.6517	0.7863	0.239	0.0719	0.0218	0.022	0.094	0.1408	0.1119	0.4868	0.0095	0.0063	0.006	0.006	Pritluky
PRITL_460_P-CCL	0.5059	0.7851	0.0073	0.0073	0.005	0.0053	0.599	1.4377	0.1423	0.0803	0.0159	0.022	0.1023	0.072	0.083	0.3688	0.0119	0.0104	0.0085	0.0085	Pritluky
PRITL_461_CCLI	0.6498	0.7408	0.01	0.0108	0.0095	0.0094	0.6685	0.8722	0.1857	0.06	0.0202	0.021	0.081	0.1207	0.0864	0.2722	0.0134	0.0084	0.0056	0.0056	Pritluky
PRITL_463b_P-CCLIII	0.6618	0.8359	0.0064	0.0121	0.0285	0.0285	0.6777	0.9441	0.1946	0.0768	0.0273	0.0151	0.0919	0.1288	0.0155	0.3584	0.0152	0.0101	0.006	0.0059	Pritluky
PRITL_464_CCLIV	0.7309	0.8464	0.0054	0.005	0.0074	0.0073	0.6654	0.922	0.2061	0.0804	0.0266	0.0146	0.095	0.1507	0.0775	0.4303	0.0089	0.0094	0.0055	0.0057	Pritluky
PRITL_465_P-CCLV-1	0.5588	0.6779	0.0079	0.0094	0.0091	0.0093	0.6874	1.0196	0.2032	0.0702	0.0263	0.0334	0.1036	0.1135	0.1835	0.4786	0.0127	0.0104	0.0061	0.0061	Pritluky
PRITL_467_P-CCLVII-1	0.646	0.8331	0.0056	0.0148	0.0332	0.0326	0.7045	0.948	0.1997	0.0788	0.0322	0.0158	0.0946	0.129	0.0711	0.3841	0.0096	0.0094	0.0064	0.0065	Pritluky
PRITL_471_A_P-CCLXI	0.6202	0.7792	0.0093	0.012	0.0184	0.0184	0.6552	1.0283	0.1995	0.0799	0.0248	0.0227	0.1026	0.1238	0.1055	0.4913	0.0155	0.012	0.0077	0.008	Pritluky
PRITL_477_P-CCLXV-1	0.6381	0.7792	0.0041	0.0043	0.0072	0.0072	0.6026	0.7766	0.218	0.066	0.0135	0.0187	0.0847	0.1391	0.0946	0.3633	0.0068	0.0068	0.007	0.007	Pritluky
PRITL_484_CCLXXI-1	0.7131	0.8347	0.0068	0.0108	0.0139	0.0141	0.7184	0.911	0.2166	0.0824	0.036	0.0163	0.0987	0.1545	0.0808	0.4758	0.0169	0.0099	0.0066	0.0069	Pritluky
PRITL_493_P-CCLXXVIII-1	0.6399	0.7561	0.0089	0.0073	0.017	0.0166	0.6335	0.8277	0.2253	0.0705	0.0188	0.0227	0.0932	0.1441	0.1115	0.4303	0.0141	0.0107	0.0069	0.0069	Pritluky
PRITL_502_2_CCLXXXVII-2	0.7071	0.8065	0.0028	0.0065	0.0136	0.0136	0.6614	0.9391	0.1526	0.0578	0.0187	0.0139	0.0717	0.1079	0.0437	0.1729	0.0056	0.0057	0.0064	0.0065	Pritluky
PRITL_506_P-CCXCI	0.6247	0.8718	0.0054	0.0074	0.0119	0.0121	0.685	0.9881	0.2007	0.0864	0.032	0.0127	0.0991	0.1254	0.049	0.4979	0.0116	0.0093	0.0071	0.0071	Pritluky
PRITL_690_P-CDIHA	0.7503	0.7808	0.0064	0.0174	0.0386	0.0377	0.6823	0.8326	0.2462	0.08	0.0292	0.0225	0.1025	0.1847	0.0948	0.5592	0.0141	0.0102	0.0072	0.0075	Pritluky
PRITL_692_CDIV-1	0.5273	0.6919	0.0044	0.0042	0.0047	0.0047	0.6211	0.8035	0.2055	0.0571	0.0138	0.0254	0.0826	0.1084	0.0854	0.314	0.0072	0.0077	0.0081	0.0081	Pritluky
PRITL_693_P-CCCLI	0.625	0.7638	0.0063	0.0079	0.0133	0.0129	0.7047	0.7041	0.2743	0.0737	0.0302	0.0228	0.0966	0.1714	0.1214	0.5545	0.01	0.0072	0.0072	0.007	Pritluky
PRITL_693_P-CDV-1-2	0.5618	0.6919	0.0032	0.0035	0.0062	0.0062	0.5402	0.9313	0.2034	0.0655	0.0053	0.0292	0.0947	0.1143	0.0723	0.4237	0.0149	0.0105	0.0085	0.0084	Pritluky
PRITL_704_P-CDXII	0.6095	0.6505	0.0104	0.0213	0.0522	0.0523	0.5909	0.9055	0.2256	0.0664	0.0121	0.0357	0.1021	0.1375	0.1919	0.5426	0.0153	0.0106	0.0068	0.0068	Pritluky
PRITL_706A_P-CDXIII_A	0.6516	0.7394	0.0068	0.0068	0.0143	0.0147	0.6393	0.8119	0.2437	0.0732	0.0204	0.0258	0.0989	0.1588	0.1304	0.5704	0.0133	0.0108	0.0067	0.0067	Pritluky
PRITL_707_P-CDXIV	0.5597	0.8154	0.0064	0.0069	0.0161	0.0161	0.6289	0.7213	0.2291	0.0674	0.0174	0.0153	0.0826	0.1282	0.0434	0.3765	0.0151	0.0116	0.0104	0.0104	Pritluky
PRITL_708_P-CDXV	0.6089	0.7161	0.0048	0.0061	0.0178	0.0178	0.6477	0.9097	0.2177	0.0709	0.0209	0.0281	0.099	0.1326	0.1322	0.4652	0.0121	0.0079	0.0062	0.0061	Pritluky
PRITL_719B_CDXXIV B	0.6578	0.761	0.0051	0.0053	0.0083	0.0085	0.6486	0.9741	0.1406	0.0521	0.0155	0.0164	0.0685	0.0925	0.0339	0.1473	0.0131	0.0096	0.0048	0.0049	Pritluky
PRITL_722_CDXXVII	0.6162	0.7387	0.0053	0.0069	0.0167	0.0167	0.6405	0.7602	0.2295	0.0644	0.0181	0.0228	0.0872	0.1414	0.0626	0.4008	0.0096	0.0093	0.0061	0.0061	Pritluky
PRITL_732_P-CDXXIX	0.6518	0.7261	0.0079	0.008	0.011	0.011	0.5913	0.8674	0.2156	0.0679	0.0124	0.0256	0.0935	0.1405	0.1136	0.4257	0.0147	0.0118	0.0057	0.0059	Pritluky
PRITL_733_CDXXX	0.5865	0.7272	0.0066	0.0105	0.0148	0.0162	0.7057	0.9536	0.2259	0.0783	0.0322	0.0294	0.1077	0.1325	0.1808	0.5837	0.0157	0.0094	0.0077	0.0077	Pritluky
PRITL_745_P-CDXXXIII-1	0.583	0.7429	0.0048	0.0048	0.0151	0.0151	0.6756	0.8712	0.1983	0.0642	0.0225	0.0222	0.0864	0.1156	0.0713	0.3276	0.0159	0.0112	0.0067	0.0067	Pritluky
PRITL_756-7_CDXXXVI	0.6396	0.6908	0.0046	0.0048	0.0042	0.0046	0.6949	0.9136	0.1801	0.0568	0.0222	0.0254	0.0823	0.1152	0.0758	0.2606	0.0138	0.0105	0.0065	0.0066	Pritluky
PRITL_757_P-CDXXXVIII-1	0.683	0.691	0.0064	0.0085	0.0082	0.0085	0.7035	0.9105	0.2213	0.0696	0.0283	0.0311	0.1007	0.1511	0.1809	0.4685	0.0118	0.0079	0.0062	0.0063	Pritluky
PRITL_CCCXL-A	0.6299	0.7763	0.0053	0.0074	0.011	0.0108	0.6856	0.8969	0.1972	0.0686	0.0255	0.0198	0.0884	0.1242	0.0821	0.3595	0.0144	0.0092	0.0057	0.0059	Pritluky
PRITL_CCCXL-B	0.6942	0.7747	0.0055	0.0079	0.0116	0.0116	0.6911	0.9491	0.2141	0.0787	0.0301	0.0229	0.1016	0.1486	0.105	0.4813	0.0104	0.0092	0.0077	0.0075	Pritluky
PRITL_CCCXXXI_A	0.5434	0.8424	0.0045	0.004	0.0061	0.0061	0.6401	0.89	0.1717	0.0644	0.018	0.012	0.0764	0.0933	0.0351	0.2452	0.0118	0.0095	0.0062	0.0063	Pritluky
PRITL_CCCXXXIII	0.6102	0.7739	0.0065	0.0063	0.0048	0.0049	0.6609	0.7869	0.2122	0.0646	0.0208	0.0189	0.0835	0.1295	0.0629	0.3496	0.016	0.0117	0.0077	0.0077	Pritluky
PRITL_CDIX_CCCCIX	0.6579	0.8287	0.0047	0.0119	0.0218	0.0216	0.645	0.818	0.2178	0.0738	0.0214	0.0153	0.0891	0.1433	0.0754	0.3979	0.01	0.0094	0.0059	0.0061	Pritluky
PRITL_P-CCC	0.6869	0.7805	0.0041	0.0047	0.0119	0.0119	0.6442	0.9332	0.2069	0.0754	0.0217	0.0212	0.0966	0.1421	0.1204	0.4423	0.0124	0.0101	0.0069	0.0072	Pritluky
PRITL_P-CCCI	0.5818	0.74	0.0113	0.0067	0.0158	0.0169	0.6127	1.0332	0.1768	0.0676	0.0152	0.0237	0.0913	0.1029	0.0869	0.3379	0.025	0.0106	0.0049	0.0052	Pritluky
PRITL_P-CCCIX	0.6248	0.76	0.0027	0.0042	0.0108	0.011	0.6124	0.8469	0.1557	0.0501	0.0113	0.0158	0.0659	0.0973	0.0249	0.1526	0.0084	0.0063	0.0063	0.0064	Pritluky
PRITL_P-CCCL	0.6013	0.7939	0.0046	0.0064	0.01	0.01	0.6681	0.9772	0.2017	0.0782	0.0263	0.0203	0.0986	0.1213	0.0892	0.4617	0.0103	0.0086	0.0071	0.007	Pritluky
PRITL_P-CCCVI	0.6857	0.7714	0.0089	0.0142	0.0146	0.0151	0.7604	0.8682	0.2342	0.0784	0.0408	0.0232	0.1017	0.1606	0.1204	0.5103	0.0099	0.0076	0.0075	0.0075	Pritluky
PRITL_P-CCCX	0.8373	0.9426	0.0035	0.0037	0.0061	0.0061	0.6717	1.3079	0.0972	0.0599	0.0206	0.0036	0.0635	0.0813	0.0036	0.0978	0.0113	0.0083	0.0059	0.006	Pritluky
PRITL_P-CCCXIX	0.606	0.6044	0.0058	0.0069	0.0421	0.0413	0.5966	0.7526	0.2664	0.0606	0.0117	0.0397	0.1002	0.1615	0.2613	0.5929	0.0086	0.0078	0.0097	0.0101	Pritluky
PRITL_P-CCCXXIII_A	0.6261	0.7268	0.0053	0.0119	0.0193	0.0194	0.582	0.8702	0.1739	0.055	0.009	0.0207	0.0757	0.1089	0.0427	0.2338	0.0141	0.0101	0.0065	0.0065	Pritluky
PRITL_P-CCCXXIX	0.6605	0.8295	0.0085	0.0098	0.0211	0.0208	0.6789	0.8922	0.2373	0.0878	0.0314	0.018	0.1059	0.1567	0.118	0.6081	0.0104	0.0104	0.0079	0.008	Pritluky
PRITL_P-CCCXXVI	0.6225	0.7628	0.0054	0.0062	0.0087	0.0087	0.6827	0.8779	0.2073	0.0694	0.0254	0.0216	0.091	0.1291	0.0849	0.3884	0.0125	0.0081	0.0073	0.0074	Pritluky
PRITL_P-CCCXXVIII	0.6646	0.8737	0.0071	0.0139	0.0378	0.0378	0.732	0.8267	0.2346	0.0847	0.0393	0.0122	0.097	0.1559	0.0511	0.4994	0.0184	0.0101	0.0073	0.0073	Pritluky
PRITL_P-CCCXXX	0.6846	0.6871	0.0046	0.0053	0.0146	0.0146	0.6552	0.8803	0.2163	0.0654	0.0203	0.0298	0.0952	0.1481	0.105	0.398	0.0098	0.009	0.0066	0.0066	Pritluky
PRITL_P-CCCXXXI	0.6399	0.816	0.0085	0.0152	0.0218	0.0211	0.6935	0.9257	0.1985	0.075	0.029	0.0169	0.0919	0.127	0.0755	0.3923	0.0107	0.01	0.0072	0.0074	Pritluky
PRITL_P-CCCXXXVII-1-2	0.6243	0.6644	0.0059	0.0117	0.0202	0.0201	0.6274	0.9267	0.2347	0.0723	0.0184	0.0365	0.1088	0.1465	0.2343	0.6135	0.0146	0.0094	0.0062	0.0064	Pritluky
PRITL_PIII	0.6563	0.7744	0.0075	0.0155	0.0328	0.0328	0.6795	0.8192	0.2087	0.0662	0.0238	0.0193	0.0855	0.137	0.0794	0.3369	0.0094	0.0076	0.0072	0.0073	Pritluky
PRITL_488_B_P-488_B-1_CCXXIVB	0.5593	0.7942	0.0057	0.006	0.0278	0.0278	0.6461	0.767	0.2074	0.0632	0.0185	0.0164	0.0795	0.116	0.0545	0.3169	0.0091	0.0087	0.0063	0.0064	Pritluky
PRITL_487_P-CCLXXIII	0.6171	0.8248	0.0061	0.0111	0.0274	0.0274	0.6988	1.0535	0.2101	0.0913	0.0363	0.0194	0.1107	0.1296	0.0987	0.5991	0.0125	0.0093	0.0074	0.0073	Pritluky
PRITL_184	0.5959	0.7877	0.0037	0.0047	0.0048	0.0048	0.6149	0.9712	0.1228	0.047	0.0108	0.0127	0.0596	0.0732	0.0136	0.1011	0.0114	0.011	0.0065	0.0065	Pritluky
PRITL_290	0.7023	0.7788	0.0045	0.0088	0.0152	0.0156	0.7203	0.877	0.2399	0.0819	0.0361	0.0233	0.1052	0.1685	0.1906	0.5741	0.0062	0.0073	0.0068	0.0069	Pritluky
PRITL_295	0.6492	0.9311	0.0061	0.0061	0.0039	0.0037	0.6644	1.0318	0.0906	0.0435	0.0143	0.0032	0.0467	0.0588	0.0019	0.0468	0.0212	0.0119	0.0048	0.0049	Pritluky
PRITL_297	0.6746	0.7963	0.0037	0.0037	0.0048	0.0048	0.6641	1.1837	0.1202	0.0566	0.0186	0.0145	0.0711	0.0811	0.0155	0.1364	0.0142	0.0119	0.0074	0.0076	Pritluky
PRITL_315	0.6524	0.8005	0.0097	0.0116	0.0292	0.0292	0.7163	1.0481	0.206	0.0864	0.0374	0.0215	0.108	0.1344	0.134	0.5126	0.0161	0.009	0.0066	0.0066	Pritluky
PRITL_324	0.6492	0.7692	0.0081	0.0062	0.0145	0.0145	0.7289	0.8995	0.2171	0.0751	0.0344	0.0225	0.0977	0.141	0.0117	0.3668	0.01	0.0087	0.0053	0.0054	Pritluky
PRITL_329	0.6427	0.7362	0.0098	0.0131	0.0341	0.0341	0.6281	0.9083	0.202	0.0675	0.0173	0.0242	0.0917	0.1298	0.0779	0.3303	0.01	0.0082	0.0083	0.0083	Pritluky
PRITL_330	0.6056	0.8013	0.0096	0.0094	0.0253	0.0253	0.6909	0.9436	0.217	0.082	0.0313	0.0203	0.1024	0.1314	0.0506	0.5261	0.0092	0.01	0.007	0.007	Pritluky
PRITL_337_4	0.6474	0.7229	0.0045	0.0049	0.007	0.0075	0.6635	0.8994	0.1839	0.0598	0.0195	0.0229	0.0827	0.119	0.0889	0.2857	0.0127	0.0112	0.0057	0.0058	Pritluky
PRITL_337B	0.6835	0.7536	0.0142	0.0142	0.026	0.026	0.7162	0.9501	0.2556	0.0915	0.0396	0.0299	0.1214	0.1747	0.0235	0.6702	0.0106	0.0095	0.0062	0.0064	Pritluky
PRITL_362	0.6315	0.7297	0.0041	0.0079	0.0094	0.009	0.6653	0.9149	0.1793	0.0599	0.0198	0.0222	0.082	0.1132	0.0115	0.2745	0.0095	0.0078	0.0058	0.0058	Pritluky
PRITL_364	0.6327	0.8602	0.0059	0.0079	0.0111	0.0111	0.6576	0.9817	0.1714	0.0724	0.0228	0.0118	0.0842	0.1085	0.079	0.256	0.0178	0.0096	0.0075	0.0075	Pritluky
PRITL_370	0.6496	0.7548	0.0052	0.0083	0.0131	0.0133	0.6813	0.8924	0.1964	0.0661	0.024	0.0215	0.0876	0.1276	0.004	0.3249	0.0108	0.0102	0.0065	0.0066	Pritluky
PRITL_374	0.5806	0.7346	0.0035	0.0046	0.0087	0.0087	0.6821	0.8942	0.137	0.045	0.0164	0.0163	0.0613	0.0796	0.0068	0.1085	0.0164	0.0092	0.0048	0.0049	Pritluky
PRITL_0_6-11-1962-vraceno	0.6864	0.826	0.0108	0.0148	0.0186	0.0189	0.7578	0.904	0.2458	0.0918	0.0473	0.0193	0.1111	0.1687	0.1471	0.6395	0.0131	0.0086	0.0076	0.0075	Pritluky
PRITL_0_CLXIV-B	0.7053	0.7947	0.0081	0.0097	0.0163	0.0163	0.69	0.7777	0.233	0.072	0.0274	0.0186	0.0906	0.1643	0.0157	0.4283	0.0108	0.0089	0.0071	0.0074	Pritluky
PRITL_0_CLXXXIV-362	0.5855	0.6899	0.0069	0.012	0.0278	0.0278	0.6095	0.7486	0.1725	0.0446	0.0098	0.02	0.0646	0.101	0.0665	0.1716	0.0078	0.0077	0.0054	0.0054	Pritluky
PRITL_12	0.676	0.7785	0.006	0.0076	0.0062	0.0063	0.6653	0.931	0.2263	0.082	0.0271	0.0233	0.1053	0.153	0.1389	0.5596	0.0116	0.0097	0.0069	0.0071	Pritluky
PRITL_72	0.5538	0.7234	0.0042	0.0039	0.0053	0.0053	0.6081	0.9288	0.1516	0.0509	0.011	0.0195	0.0704	0.084	0.049	0.1806	0.0125	0.0086	0.0065	0.0066	Pritluky
PRITL_72_50	0.6865	0.8222	0.0047	0.0105	0.0204	0.0218	0.7193	0.9063	0.2294	0.0855	0.0375	0.0185	0.1039	0.1574	0.1162	0.5773	0.0131	0.0095	0.0069	0.0072	Pritluky
PRITL_87	0.6306	0.8511	0.0056	0.006	0.0102	0.0106	0.7495	0.8548	0.2791	0.1015	0.0507	0.0178	0.1193	0.176	0.2293	0.848	0.0091	0.0087	0.0076	0.0074	Pritluky
PRITL_112	0.6048	0.778	0.0064	0.0114	0.0249	0.0249	0.6775	0.8735	0.2328	0.0791	0.0281	0.0226	0.1017	0.1408	0.12	0.5429	0.0089	0.0075	0.0065	0.0065	Pritluky
PRITL_323	0.6349	0.7992	0.0058	0.0097	0.0174	0.0175	0.7361	0.9537	0.1463	0.0557	0.0263	0.014	0.0698	0.0929	0.0176	0.1528	0.0108	0.0077	0.0049	0.0049	Pritluky
PRITL_95	0.6518	0.7822	0.0112	0.0151	0.0298	0.0298	0.6668	0.8764	0.2343	0.0803	0.0268	0.0224	0.1027	0.1527	0.0246	0.5673	0.0106	0.0092	0.0066	0.0066	Pritluky
PRITL_0_0	0.6365	0.7488	0.0034	0.0032	0.0081	0.0084	0.6982	0.8516	0.1947	0.0621	0.0246	0.0208	0.0829	0.1239	0.0575	0.2847	0.0154	0.0099	0.0053	0.0055	Pritluky
PRITL_294	0.7848	0.9184	0.0042	0.005	0.007	0.0068	0.664	1.1892	0.0753	0.0411	0.0135	0.0037	0.0448	0.0591	0.0007	0.0362	0.0159	0.0111	0.0063	0.0062	Pritluky
ROZTO_D_XXXIV_994	0.622	0.8314	0.009	0.0094	0.0079	0.0077	0.71	1.1246	0.1651	0.0772	0.0324	0.0157	0.0929	0.1027	0.0641	0.3045	0.0107	0.0095	0.0072	0.0072	Roztoky
ROZTO_13765_1710-1	0.654	0.7548	0.0094	0.016	0.0305	0.0305	0.7257	0.9327	0.2366	0.0833	0.0376	0.0271	0.1103	0.1548	0.2758	0.53	0.0118	0.0075	0.0068	0.0069	Roztoky
ROZTO_10334_1412	0.7176	0.8497	0.0051	0.0067	0.0152	0.0152	0.7207	0.8182	0.2572	0.0894	0.0395	0.0158	0.1052	0.1846	0.2341	0.4526	0.0113	0.0096	0.0059	0.0061	Roztoky
ROZTO_9915_1354	0.7327	0.8724	0.0051	0.0098	0.0136	0.0135	0.7201	0.8961	0.2167	0.0847	0.0373	0.0124	0.0971	0.1588	0.1629	0.4545	0.0131	0.0084	0.006	0.0066	Roztoky
ROZTO_9714_1294	0.7307	0.8564	0.005	0.0091	0.0152	0.0153	0.7179	0.8182	0.2649	0.0928	0.0404	0.0156	0.1084	0.1935	0.3035	0.6	0.01	0.0093	0.0056	0.0059	Roztoky
ROZTO_8972_1263	0.6971	0.8521	0.0087	0.0126	0.0275	0.0275	0.7116	0.947	0.2723	0.1099	0.0465	0.0191	0.1289	0.1898	0.3218	0.6923	0.0109	0.0114	0.0074	0.0079	Roztoky
ROZTO_8121_1252	0.6584	0.8225	0.0072	0.0188	0.0423	0.0423	0.72	0.94	0.2421	0.0936	0.0412	0.0202	0.1138	0.1594	0.2109	0.5634	0.0086	0.0086	0.0084	0.0084	Roztoky
ROZTO_7471_1191	0.6493	0.7571	0.0094	0.0123	0.0084	0.0088	0.6362	0.9268	0.2091	0.0734	0.02	0.0235	0.0969	0.1358	0.196	0.3583	0.0105	0.0098	0.0068	0.007	Roztoky
ROZTO_7358_1163	0.7043	0.9227	0.0038	0.0035	0.009	0.009	0.6943	0.9418	0.1164	0.0506	0.0197	0.0042	0.0548	0.082	0.0145	0.078	0.0176	0.0086	0.0053	0.0053	Roztoky
ROZTO_7093_1206	0.7029	0.7926	0.009	0.0111	0.0442	0.0442	0.7047	0.8781	0.2846	0.099	0.0405	0.0259	0.1249	0.2	0.4744	0.8076	0.0121	0.0114	0.0079	0.008	Roztoky
ROZTO_6115_1088	0.6875	0.8785	0.0079	0.0078	0.0122	0.0122	0.7133	0.9223	0.1426	0.0578	0.0246	0.008	0.0657	0.098	0.0337	0.1182	0.014	0.0069	0.0059	0.0058	Roztoky
ROZTO_6056_1077	0.7059	0.8593	0.0112	0.018	0.0277	0.0281	0.7626	0.9339	0.2662	0.1068	0.0561	0.0175	0.1243	0.1879	0.368	0.6884	0.0143	0.0097	0.0071	0.007	Roztoky
ROZTO_5717_1041	0.6477	0.7748	0.0067	0.0066	0.0064	0.0064	0.7172	0.8817	0.165	0.0563	0.0245	0.0164	0.0727	0.1068	0.0538	0.1972	0.0092	0.0081	0.0049	0.005	Roztoky
ROZTO_5701_1038	0.671	0.8621	0.0099	0.0098	0.0157	0.0159	0.7072	1.0557	0.235	0.107	0.0443	0.0171	0.1241	0.1577	0.1747	0.8054	0.018	0.0134	0.0082	0.0085	Roztoky
ROZTO_5528_972	0.6518	0.8591	0.0329	0.0072	0.0112	0.0112	0.6175	0.9628	0.0965	0.0399	0.0094	0.0065	0.0465	0.0629	0.0016	0.0447	0.016	0.01	0.005	0.0051	Roztoky
ROZTO_5368_926_255-3	0.6612	0.7685	0.0054	0.0063	0.0095	0.0113	0.7318	0.9509	0.2475	0.0904	0.0419	0.0272	0.1177	0.1636	0.2229	0.7339	0.0118	0.0107	0.0069	0.0071	Roztoky
ROZTO_5153-5155_903	0.6542	0.8027	0.0081	0.0096	0.0209	0.0209	0.7496	0.8312	0.2948	0.0984	0.0491	0.0242	0.1225	0.1929	0.2191	0.9257	0.0114	0.0097	0.008	0.008	Roztoky
ROZTO_5152_903	0.6042	0.7833	0.0095	0.0153	0.0397	0.0397	0.6908	0.8995	0.1728	0.0609	0.0232	0.0168	0.0777	0.1044	0.0867	0.2686	0.0123	0.0115	0.0066	0.0068	Roztoky
ROZTO_3702_665	0.6747	0.7841	0.0042	0.0039	0.0089	0.0097	0.7014	0.9138	0.2	0.0717	0.0289	0.0197	0.0914	0.135	0.1327	0.3447	0.0139	0.0093	0.0067	0.0069	Roztoky
ROZTO_3498_543	0.6654	0.7807	0.0055	0.0116	0.017	0.017	0.7202	0.9069	0.2701	0.0956	0.0421	0.0268	0.1225	0.1797	0.2574	0.8637	0.0116	0.0083	0.0055	0.0054	Roztoky
ROZTO_3497_209	0.7114	0.8026	0.006	0.0108	0.0222	0.0226	0.7064	0.9421	0.2457	0.0929	0.0383	0.0228	0.1157	0.1748	0.2598	0.6817	0.0105	0.0086	0.0055	0.0056	Roztoky
ROZTO_941_256	0.7341	0.8051	0.0051	0.0053	0.0184	0.0172	0.7434	1.015	0.194	0.0793	0.0386	0.0192	0.0984	0.1424	0.1683	0.3143	0.0109	0.0084	0.0065	0.0064	Roztoky
ROZTO_17621_1991	0.7077	0.8795	0.0131	0.0151	0.0223	0.0226	0.7693	1.0401	0.3132	0.1432	0.0771	0.0196	0.1629	0.2216	0.5723	1.3441	0.016	0.0122	0.0063	0.0065	Roztoky
ROZTO_13764_1710	0.655	0.8853	0.0055	0.01	0.0138	0.0136	0.7149	1.0202	0.1224	0.0553	0.0238	0.0072	0.0625	0.0802	0.0281	0.0724	0.007	0.0063	0.0051	0.0051	Roztoky
ROZTO_11341_1503	0.6393	0.7532	0.0095	0.0096	0.0447	0.0443	0.7184	0.8026	0.2787	0.0842	0.0368	0.0276	0.1119	0.1782	0.338	0.6834	0.0126	0.0097	0.0072	0.0072	Roztoky
ROZTO_11206_1486	0.69	0.8428	0.0083	0.0112	0.0307	0.0307	0.6947	0.8636	0.2476	0.0901	0.0351	0.0168	0.1069	0.1709	0.2121	0.4413	0.0138	0.0115	0.0069	0.0072	Roztoky
ROZTO_10382_1430	0.733	0.8514	0.0123	0.0127	0.0333	0.0329	0.7707	0.8984	0.3216	0.123	0.0666	0.0215	0.1445	0.2357	0.5097	0.8709	0.0219	0.0118	0.0072	0.0075	Roztoky
ROZTO_9835_1369	0.7029	0.7784	0.0188	0.0333	0.0359	0.0358	0.801	0.8635	0.2572	0.0864	0.052	0.0246	0.111	0.1808	0.0462	0.3184	0.032	0.0096	0.0085	0.0085	Roztoky
ROZTO_8714_1294	0.6497	0.7852	0.0093	0.0132	0.0174	0.0174	0.7647	0.8871	0.3197	0.1113	0.0589	0.0305	0.1418	0.2077	0.6445	1.2081	0.0179	0.0095	0.0068	0.0067	Roztoky
ROZTO_8259_1264	0.757	0.8943	0.005	0.0088	0.0156	0.0156	0.7385	0.8792	0.2026	0.0797	0.038	0.0094	0.0891	0.1534	0.0863	0.244	0.0126	0.0097	0.0066	0.0069	Roztoky
ROZTO_8166_1226	0.6812	0.8009	0.0122	0.0123	0.0212	0.0211	0.7025	0.9274	0.2152	0.0799	0.0324	0.0199	0.0998	0.1466	0.1896	0.3634	0.0138	0.0099	0.0067	0.007	Roztoky
ROZTO_7937_1191	0.6307	0.8278	0.0097	0.0119	0.0345	0.0335	0.697	0.9177	0.275	0.1045	0.0412	0.0217	0.1262	0.1735	0.3925	0.7515	0.0135	0.011	0.0081	0.0081	Roztoky
ROZTO_7452_1191	0.6003	0.7314	0.0341	0.0057	0.0125	0.0125	0.6932	0.9368	0.1953	0.0669	0.0259	0.0246	0.0915	0.1172	0.1067	0.3135	0.0115	0.0105	0.0069	0.0069	Roztoky
ROZTO_6101_1086	0.7014	0.7588	0.0079	0.0111	0.0495	0.0495	0.7244	0.9211	0.2804	0.098	0.044	0.0312	0.1292	0.1967	0.2224	0.6811	0.0118	0.0077	0.0049	0.005	Roztoky
ROZTO_5856_1044	0.6648	0.8655	0.026	0.0206	0.0258	0.0258	0.6179	0.9136	0.2292	0.0906	0.0214	0.0141	0.1047	0.1524	0.1999	0.4916	0.0069	0.0068	0.0051	0.0054	Roztoky
ROZTO_5704_1040	0.7259	0.7611	0.0078	0.0167	0.0304	0.0304	0.7467	0.7848	0.25	0.0747	0.0368	0.0234	0.0981	0.1815	0.1751	0.4459	0.0133	0.0093	0.0065	0.0066	Roztoky
ROZTO_5703_1038	0.7046	0.8534	0.0056	0.0114	0.0202	0.02	0.7576	0.8289	0.2615	0.0925	0.0476	0.0159	0.1084	0.1842	0.2373	0.4164	0.0175	0.0089	0.0081	0.0082	Roztoky
8259_1264_B	0.6461	0.7776	0.0072	0.0087	0.0195	0.0198	0.6287	0.8936	0.2838	0.0986	0.0254	0.0282	0.1268	0.1834	0.318	0.8175	0.0154	0.0141	0.0089	0.0092	Roztoky
8259_1264	0.6042	0.8617	0.0363	0.009	0.0055	0.0061	0.7917	1.0423	0.1209	0.0543	0.0317	0.0087	0.063	0.073	0	0.0923	0.0102	0.0095	0.006	0.006	Roztoky
ROZTO_20_JIRI	0.7369	0.8348	0.0095	0.0121	0.0244	0.0244	0.6833	0.8387	0.2303	0.0806	0.0296	0.016	0.0966	0.1697	0.0818	0.4685	0.0144	0.0095	0.0069	0.007	Roztoky
